307	146	12
0.9999999403953552	6.0	-0.9999999403953552	0.19291293621063232	0.5458510518074036	1.0	0	0.0	0	0.0	0	0.0	0.0	0.0	1.0	0.0	0.0	0.0	0.0	0.0
-0.9999999403953552	6.0	-0.9999999403953552	0.19291293621063232	0.5458510518074036	1.0	0	0.0	0	0.0	0	0.0	0.0	0.0	1.0	0.0	0.0	0.0	0.0	0.0
-0.9999999403953552	4.0	0.9999999403953552	1.0	0.6989109516143799	1.0	0	0.0	0	0.0	0	-0.39456599950790405	0.0	0.9188675284385681	0.0	-1.0	0.0	0.9188675880432129	0.0	0.39456602931022644
-0.3914996385574341	5.3914995193481445	1.261292815208435	0.8796391487121582	0.7507279515266418	1.0	2	0.0	0	0.0	0	-0.39456599950790405	0.0	0.9188675284385681	0.0	-1.0	0.0	0.9188675284385681	0.0	0.39456599950790405
-0.9999999403953552	6.0	0.9999999403953552	0.8310723304748535	0.6989109516143799	1.0	0	0.0	0	0.0	0	-0.39456599950790405	0.0	0.9188675284385681	0.0	-1.0	0.0	0.9188675284385681	0.0	0.39456599950790405
-0.9999999403953552	6.0	-0.9999999403953552	0.3912847638130188	0.02789783477783203	1.0	0	0.0	0	0.0	0	-1.0	0.0	-5.960465188081798e-08	5.879951814335982e-08	0.1638087034225464	-0.9864920973777771	9.763760466796612e-09	-0.9864920973777771	-0.1638087034225464
-0.9999999403953552	4.0	-0.9999999403953552	0.36333584785461426	0.19589900970458984	1.0	10	0.0	0	0.0	0	-1.0	0.0	-5.960465188081798e-08	5.87995216960735e-08	0.1638087034225464	-0.9864921569824219	9.763760466796612e-09	-0.9864921569824219	-0.1638087034225464
-1.0	4.0	0.0	0.27948909997940063	0.18195056915283203	1.0	0	0.0	0	0.0	0	-1.0	0.0	-5.960465188081798e-08	5.879951814335982e-08	0.1638087034225464	-0.9864920973777771	9.763760466796612e-09	-0.9864920973777771	-0.1638087034225464
-1.0	4.0	0.0	0.19291293621063232	0.5458510518074036	1.0	0	0.0	0	0.0	0	0.0	0.0	0.0	1.0	0.0	0.0	0.0	0.0	0.0
0.0	4.0	0.0	0.19291293621063232	0.5458510518074036	1.0	0	0.0	0	0.0	0	0.0	0.0	0.0	1.0	0.0	0.0	0.0	0.0	0.0
0.9999999403953552	6.0	0.9999999403953552	0.02794891595840454	0.5458510518074036	1.0	0	0.0	0	0.0	0	1.0	0.0	5.960465188081798e-08	5.879947906350935e-08	0.16381245851516724	-0.9864914417266846	-9.763984287758376e-09	0.9864914417266846	0.16381245851516724
0.9999999403953552	4.0	0.9999999403953552	0.0	0.3778495192527771	1.0	0	0.0	0	0.0	0	1.0	0.0	5.960465188081798e-08	5.879947906350935e-08	0.16381245851516724	-0.9864914417266846	-9.763984287758376e-09	0.9864914417266846	0.16381245851516724
1.0	4.0	0.0	0.08384671807289124	0.36390072107315063	1.0	0	0.0	0	0.0	0	1.0	0.0	5.960465188081798e-08	5.879947906350935e-08	0.16381244361400604	-0.9864914417266846	-9.763983399579956e-09	0.9864914417266846	0.16381244361400604
-0.9999999403953552	4.0	-0.9999999403953552	0.5615951418876648	0.34962230920791626	1.0	10	0.0	0	0.0	0	-0.34441161155700684	0.0	-0.9388186931610107	-0.9374961256980896	-0.05306247994303703	0.34392639994621277	-0.04981605336070061	0.9985912442207336	0.018275335431098938
-0.45719146728515625	5.457191467285156	-1.1991326808929443	0.5153721570968628	0.46967312693595886	1.0	5	0.0	0	0.0	0	-0.34441161155700684	0.0	-0.9388186931610107	-0.9374961853027344	-0.05306248739361763	0.34392642974853516	-0.04981605336070061	0.9985911846160889	0.018275335431098938
-0.45719146728515625	4.542808532714844	-1.1991326808929443	0.5153721570968628	0.3927191495895386	1.0	5	0.0	0	0.0	0	-0.34441161155700684	0.0	-0.9388186931610107	-0.9374961256980896	-0.05306248366832733	0.34392639994621277	-0.049816057085990906	0.9985912442207336	0.018275337293744087
-0.9999999403953552	6.0	-0.9999999403953552	0.5615953207015991	0.6757109761238098	1.0	0	0.0	0	0.0	0	0.0	1.0	0.0	5.344084570424457e-07	0.0	1.0	1.0	0.0	-5.344084570424457e-07
0.5751092433929443	6.0	-0.5751092433929443	0.5976864099502563	0.8098397254943848	1.0	0	0.0	0	0.0	0	0.0	1.0	0.0	6.037374191691924e-07	0.0	1.0	1.0	0.0	-6.037374191691924e-07
0.9999999403953552	6.0	-0.9999999403953552	0.5615953207015991	0.8460214138031006	1.0	0	0.0	0	0.0	0	0.0	1.0	0.0	6.177643854243797e-07	0.0	1.0	1.0	0.0	-6.177643854243797e-07
-0.9999999403953552	6.0	0.9999999403953552	0.19291293621063232	0.5458510518074036	1.0	0	0.0	0	0.0	0	0.0	0.0	0.0	1.0	0.0	0.0	0.0	0.0	0.0
0.9999999403953552	6.0	0.9999999403953552	0.19291293621063232	0.5458510518074036	1.0	0	0.0	0	0.0	0	0.0	0.0	0.0	1.0	0.0	0.0	0.0	0.0	0.0
-0.5751092433929443	6.0	-0.5751092433929443	0.19291293621063232	0.5458510518074036	1.0	0	0.0	0	0.0	0	0.0	0.0	0.0	1.0	0.0	0.0	0.0	0.0	0.0
-0.5751092433929443	6.0	0.5751092433929443	0.19291293621063232	0.5458510518074036	1.0	0	0.0	0	0.0	0	0.0	0.0	0.0	1.0	0.0	0.0	0.0	0.0	0.0
0.5751092433929443	6.0	0.5751092433929443	0.6953881978988647	0.8098397254943848	1.0	0	0.0	0	0.0	0	0.0	1.0	0.0	-3.5805621223516937e-07	0.0	1.0	1.0	0.0	3.5805621223516937e-07
0.9999999403953552	6.0	0.9999999403953552	0.731479287147522	0.8460214138031006	1.0	0	0.0	0	0.0	0	0.0	1.0	0.0	-3.0701875175509485e-07	0.0	1.0	1.0	0.0	3.0701875175509485e-07
-0.9999999403953552	6.0	0.9999999403953552	0.731479287147522	0.6757109761238098	1.0	0	0.0	0	0.0	0	0.0	1.0	0.0	-2.0592146654507815e-07	0.0	1.0	1.0	0.0	2.0592146654507815e-07
-0.5751092433929443	6.0	-0.5751092433929443	0.5976864099502563	0.7118926048278809	1.0	0	0.0	0	0.0	0	0.0	1.0	0.0	4.923272740597895e-07	0.0	1.0	1.0	0.0	-4.923272740597895e-07
-0.5751092433929443	6.0	0.5751092433929443	0.6953881978988647	0.7118926048278809	1.0	0	0.0	0	0.0	0	0.0	1.0	0.0	-2.229339770565275e-07	0.0	1.0	1.0	0.0	2.229339770565275e-07
0.5751092433929443	6.0	0.5751092433929443	0.19291293621063232	0.5458510518074036	1.0	7	0.0	0	0.0	0	0.0	0.0	0.0	1.0	0.0	0.0	0.0	0.0	0.0
-0.5751092433929443	6.0	0.5751092433929443	0.19291293621063232	0.5458510518074036	1.0	7	0.0	0	0.0	0	0.0	0.0	0.0	1.0	0.0	0.0	0.0	0.0	0.0
0.5751092433929443	6.0	0.5751092433929443	0.19291293621063232	0.5458510518074036	1.0	0	0.0	0	0.0	0	0.0	0.0	0.0	1.0	0.0	0.0	0.0	0.0	0.0
0.5751092433929443	6.0	-0.5751092433929443	0.19291293621063232	0.5458510518074036	1.0	0	0.0	0	0.0	0	0.0	0.0	0.0	1.0	0.0	0.0	0.0	0.0	0.0
-0.5751092433929443	6.0	-0.5751092433929443	0.8219361305236816	0.9221858382225037	1.0	7	0.0	0	0.0	0	0.0	0.4178465008735657	-0.9085177183151245	0.0	-0.9085176587104797	-0.4178464710712433	-1.0	0.0	0.0
0.5751092433929443	6.9988861083984375	-0.11570042371749878	0.731905460357666	0.8242387175559998	1.0	7	0.0	0	0.0	0	0.0	0.4178465008735657	-0.9085177183151245	0.0	-0.9085177183151245	-0.4178465008735657	-1.0	0.0	0.0
0.5751092433929443	6.0	-0.5751092433929443	0.8219361305236816	0.8242387175559998	1.0	7	0.0	0	0.0	0	0.0	0.4178465008735657	-0.9085177183151245	0.0	-0.9085176587104797	-0.4178464710712433	-1.0	0.0	0.0
-0.5751092433929443	6.0	-0.5751092433929443	0.19291293621063232	0.5458510518074036	1.0	7	0.0	0	0.0	0	0.0	0.0	0.0	1.0	0.0	0.0	0.0	0.0	0.0
0.5751092433929443	6.0	-0.5751092433929443	0.19291293621063232	0.5458510518074036	1.0	7	0.0	0	0.0	0	0.0	0.0	0.0	1.0	0.0	0.0	0.0	0.0	0.0
-0.5751092433929443	6.9988861083984375	-0.11570042371749878	0.3602299094200134	0.5458509922027588	1.0	7	0.0	0	0.0	0	0.0	1.0	0.0	0.0	0.0	1.0	1.0	0.0	0.0
0.5751092433929443	6.9988861083984375	0.10913744568824768	0.37932807207107544	0.6437981128692627	1.0	7	0.0	0	0.0	0	0.0	1.0	0.0	0.0	0.0	1.0	1.0	0.0	0.0
0.5751092433929443	6.9988861083984375	-0.11570042371749878	0.3602299094200134	0.6437981128692627	1.0	7	0.0	0	0.0	0	0.0	1.0	0.0	0.0	0.0	1.0	1.0	0.0	0.0
0.5751092433929443	6.0	-0.5751092433929443	0.8310723304748535	0.8692215085029602	1.0	7	0.0	0	0.0	0	1.0	0.0	0.0	0.0	1.0	-1.525841781813142e-07	0.0	1.525841781813142e-07	1.0
0.5751092433929443	6.9988861083984375	0.10913744568824768	0.916132926940918	0.9273818731307983	1.0	7	0.0	0	0.0	0	1.0	0.0	0.0	0.0	1.0	-1.525841781813142e-07	0.0	1.525841781813142e-07	1.0
0.5751092433929443	6.0	0.5751092433929443	0.8310723304748535	0.9669890403747559	1.0	7	0.0	0	0.0	0	1.0	0.0	0.0	0.0	1.0	-1.525841781813142e-07	0.0	1.525841781813142e-07	1.0
-0.5751092433929443	6.0	-0.5751092433929443	0.8630375862121582	0.2791600823402405	1.0	7	0.0	0	0.0	0	-1.0	0.0	0.0	0.0	1.0	5.854383289261023e-07	0.0	5.854383289261023e-07	-1.0
-0.5751092433929443	6.9988861083984375	0.10913744568824768	0.9480981826782227	0.22099971771240234	1.0	7	0.0	0	0.0	0	-1.0	0.0	0.0	0.0	1.0	5.854383289261023e-07	0.0	5.854383289261023e-07	-1.0
-0.5751092433929443	6.9988861083984375	-0.11570042371749878	0.9480981826782227	0.24011075496673584	1.0	7	0.0	0	0.0	0	-1.0	0.0	0.0	0.0	1.0	5.854383289261023e-07	0.0	5.854383289261023e-07	-1.0
0.5751092433929443	6.0	0.5751092433929443	0.07932376861572266	0.9702906012535095	1.0	7	0.0	0	0.0	0	0.0	0.42275503277778625	0.9062439799308777	0.0	-0.9062439799308777	0.42275500297546387	1.0	0.0	0.0
-0.5751092433929443	6.9988861083984375	0.10913744568824768	0.0	0.8723434805870056	1.0	7	0.0	0	0.0	0	0.0	0.42275503277778625	0.9062439799308777	0.0	-0.9062440395355225	0.42275503277778625	1.0	0.0	0.0
-0.5751092433929443	6.0	0.5751092433929443	0.07932376861572266	0.8723434805870056	1.0	7	0.0	0	0.0	0	0.0	0.42275503277778625	0.9062439799308777	0.0	-0.9062439799308777	0.42275500297546387	1.0	0.0	0.0
0.45719146728515625	5.457191467285156	-1.1991326808929443	0.437507688999176	0.46967312693595886	1.0	5	0.0	0	0.0	0	0.0	0.6787362098693848	-0.7343822121620178	-1.0	0.0	0.0	0.0	0.7343822121620178	0.6787362098693848
-0.45719146728515625	3.519798755645752	-2.9897241592407227	0.5153721570968628	0.28337347507476807	0.5	6	0.5	5	0.0	0	0.0	0.6787362098693848	-0.7343822121620178	-1.0	0.0	0.0	0.0	0.7343822121620178	0.6787362098693848
-0.45719146728515625	5.457191467285156	-1.1991326808929443	0.5153721570968628	0.46967312693595886	1.0	5	0.0	0	0.0	0	0.0	0.6787362098693848	-0.7343822121620178	-1.0	0.0	0.0	0.0	0.7343822121620178	0.6787362098693848
0.0	4.0	-1.0	0.4764399528503418	0.34962230920791626	1.0	10	0.0	0	0.0	0	0.0	-0.3444115221500397	-0.9388188123703003	-1.0	0.0	0.0	0.0	0.9388188123703003	-0.3444115221500397
-0.45719146728515625	4.542808532714844	-1.1991326808929443	0.5153721570968628	0.3927191495895386	1.0	5	0.0	0	0.0	0	0.0	-0.3444115221500397	-0.9388188123703003	-1.0	0.0	0.0	0.0	0.9388188123703003	-0.3444115221500397
0.45719146728515625	4.542808532714844	-1.1991326808929443	0.437507688999176	0.3927191495895386	1.0	5	0.0	0	0.0	0	0.0	-0.3444115221500397	-0.9388188123703003	-1.0	0.0	0.0	0.0	0.9388188123703003	-0.3444115221500397
0.9999999403953552	6.0	-0.9999999403953552	0.391284704208374	0.5179412364959717	1.0	0	0.0	0	0.0	0	0.0	0.34441161155700684	-0.9388187527656555	-1.0	0.0	0.0	0.0	0.9388187527656555	0.34441161155700684
-0.45719146728515625	5.457191467285156	-1.1991326808929443	0.5153721570968628	0.46967312693595886	1.0	5	0.0	0	0.0	0	0.0	0.34441161155700684	-0.9388187527656555	-1.0	0.0	0.0	0.0	0.9388187527656555	0.34441161155700684
-0.9999999403953552	6.0	-0.9999999403953552	0.5615951418876648	0.5179412364959717	1.0	0	0.0	0	0.0	0	0.0	0.34441161155700684	-0.9388187527656555	-1.0	0.0	0.0	0.0	0.9388188123703003	0.34441161155700684
0.9999999403953552	4.0	-0.9999999403953552	0.391284704208374	0.34962230920791626	1.0	10	0.0	0	0.0	0	0.34441161155700684	0.0	-0.9388187527656555	-0.9374961256980896	0.05306241661310196	-0.34392639994621277	0.04981599003076553	0.9985911846160889	0.018275313079357147
0.45719146728515625	5.457191467285156	-1.1991326808929443	0.437507688999176	0.46967312693595886	1.0	5	0.0	0	0.0	0	0.34441161155700684	0.0	-0.9388187527656555	-0.9374961853027344	0.05306242033839226	-0.34392642974853516	0.04981599375605583	0.9985912442207336	0.018275313079357147
0.9999999403953552	6.0	-0.9999999403953552	0.391284704208374	0.5179412364959717	1.0	0	0.0	0	0.0	0	0.34441161155700684	0.0	-0.9388187527656555	-0.9374961853027344	0.053062424063682556	-0.34392639994621277	0.04981599748134613	0.9985912442207336	0.018275314942002296
-0.45719146728515625	3.519798755645752	-2.9897241592407227	0.7782754898071289	0.4294677972793579	0.5	6	0.5	5	0.0	0	-0.908028244972229	0.0	0.4189089238643646	0.3176822364330292	-0.6518402099609375	0.6886089444160461	0.27306169271469116	0.7583563327789307	0.5918893218040466
-0.6926301121711731	2.3699772357940674	-3.5000617504119873	0.811892032623291	0.3272651433944702	1.0	6	0.0	0	0.0	0	-0.908028244972229	0.0	0.4189089238643646	0.31768226623535156	-0.6518401503562927	0.6886090040206909	0.2730616629123688	0.7583563923835754	0.5918892621994019
-0.45719146728515625	2.6054158210754395	-2.9897241592407227	0.8310723304748535	0.3722372055053711	0.5	6	0.5	5	0.0	0	-0.908028244972229	0.0	0.4189089238643646	0.3176822364330292	-0.6518402099609375	0.6886089444160461	0.2730616629123688	0.7583562731742859	0.5918893218040466
0.45719146728515625	4.542808532714844	-1.1991326808929443	0.8630380630493164	0.06597733497619629	1.0	5	0.0	0	0.0	0	1.0	0.0	0.0	0.0	-0.5303584337234497	0.847773551940918	0.0	-0.847773551940918	-0.5303584337234497
0.45719146728515625	3.519798755645752	-2.9897241592407227	0.7803373336791992	0.22061896324157715	0.5	6	0.5	5	0.0	0	1.0	0.0	0.0	0.0	-0.5303584337234497	0.8477734923362732	0.0	-0.8477734923362732	-0.5303584337234497
0.45719146728515625	5.457191467285156	-1.1991326808929443	0.8216876983642578	0.0	1.0	5	0.0	0	0.0	0	1.0	0.0	0.0	0.0	-0.5303584337234497	0.847773551940918	0.0	-0.847773551940918	-0.5303584337234497
-0.45719146728515625	4.542808532714844	-1.1991326808929443	0.8310723304748535	0.5966976881027222	1.0	5	0.0	0	0.0	0	-1.0	0.0	0.0	0.0	-0.6773916482925415	0.7356225252151489	0.0	0.7356225252151489	0.6773916482925415
-0.45719146728515625	3.519798755645752	-2.9897241592407227	0.7782754898071289	0.4294677972793579	0.5	6	0.5	5	0.0	0	-1.0	0.0	0.0	0.0	-0.677391529083252	0.7356226444244385	0.0	0.7356226444244385	0.677391529083252
-0.45719146728515625	2.6054158210754395	-2.9897241592407227	0.8310723304748535	0.3722372055053711	0.5	6	0.5	5	0.0	0	-1.0	0.0	0.0	0.0	-0.677391529083252	0.7356226444244385	0.0	0.7356226444244385	0.677391529083252
-0.45719146728515625	4.542808532714844	-1.1991326808929443	0.2753830850124359	0.8991913795471191	1.0	5	0.0	0	0.0	0	0.0	-0.6787362098693848	0.7343822121620178	1.0	0.0	0.0	0.0	0.7343822121620178	0.6787362098693848
0.45719146728515625	2.6054158210754395	-2.9897241592407227	0.35324758291244507	0.7161614894866943	0.5	6	0.5	5	0.0	0	0.0	-0.6787362098693848	0.7343822121620178	1.0	0.0	0.0	0.0	0.7343822121620178	0.6787362098693848
0.45719146728515625	4.542808532714844	-1.1991326808929443	0.3532475531101227	0.8991913795471191	1.0	5	0.0	0	0.0	0	0.0	-0.6787362098693848	0.7343822121620178	1.0	0.0	0.0	0.0	0.7343822121620178	0.6787362098693848
-0.6926301121711731	3.755237340927124	-3.5000617504119873	0.5615952014923096	0.9639835357666016	1.0	6	0.0	0	0.0	0	0.0	0.0	-1.0	0.0	-1.0	0.0	-1.0	0.0	0.0
0.6926301121711731	2.3699772357940674	-3.5000617504119873	0.678178071975708	0.8460214138031006	1.0	6	0.0	0	0.0	0	0.0	0.0	-1.0	0.0	-1.0	0.0	-1.0	0.0	0.0
-0.6926301121711731	2.3699772357940674	-3.5000617504119873	0.678178071975708	0.9639835357666016	1.0	6	0.0	0	0.0	0	0.0	0.0	-1.0	0.0	-1.0	0.0	-1.0	0.0	0.0
-0.45719146728515625	2.6054158210754395	-2.9897241592407227	0.7231836318969727	0.9439347982406616	0.5	6	0.5	5	0.0	0	0.0	-0.9080283045768738	0.4189088046550751	6.81008657466009e-07	0.4189088046550751	0.9080283641815186	-1.0	2.8528052098408807e-07	6.183751111166202e-07
0.6926301121711731	2.3699772357940674	-3.5000617504119873	0.678178071975708	0.8460214734077454	1.0	6	0.0	0	0.0	0	0.0	-0.9080283045768738	0.4189088046550751	6.810086006225902e-07	0.4189088046550751	0.9080283641815186	-1.0	2.8528049256237864e-07	6.183751111166202e-07
0.45719146728515625	2.6054158210754395	-2.9897241592407227	0.7231836318969727	0.8660703301429749	0.5	6	0.5	5	0.0	0	0.0	-0.9080283045768738	0.4189088046550751	6.810086006225902e-07	0.4189088046550751	0.9080283641815186	-1.0	2.8528049256237864e-07	6.183751111166202e-07
0.45719146728515625	3.519798755645752	-2.9897241592407227	0.960899829864502	0.9671347737312317	0.5	6	0.5	5	0.0	0	0.0	0.9080283045768738	0.4189088046550751	-6.81008657466009e-07	-0.4189088046550751	0.9080283641815186	1.0	-2.8528052098408807e-07	6.183751111166202e-07
-0.6926301121711731	3.755237340927124	-3.5000617504119873	0.9161326885223389	0.8692214488983154	1.0	6	0.0	0	0.0	0	0.0	0.9080283045768738	0.4189088046550751	-6.810086006225902e-07	-0.4189088046550751	0.9080283641815186	1.0	-2.8528049256237864e-07	6.183751111166202e-07
-0.45719146728515625	3.519798755645752	-2.9897241592407227	0.960899829864502	0.8892703056335449	0.5	6	0.5	5	0.0	0	0.0	0.9080283045768738	0.4189088046550751	-6.810086006225902e-07	-0.4189088046550751	0.9080283641815186	1.0	-2.8528049256237864e-07	6.183751111166202e-07
0.45719146728515625	2.6054158210754395	-2.9897241592407227	0.8216876983642578	0.28659629821777344	0.5	6	0.5	5	0.0	0	0.908028244972229	0.0	0.4189089238643646	-0.36174964904785156	-0.5042598247528076	0.7841296195983887	0.21123893558979034	-0.8635519742965698	-0.4578821659088135
0.6926301121711731	3.755237340927124	-3.5000617504119873	0.7319059371948242	0.227311372756958	1.0	6	0.0	0	0.0	0	0.908028244972229	0.0	0.4189089238643646	-0.3617496192455292	-0.5042598247528076	0.7841296792030334	0.21123895049095154	-0.8635520935058594	-0.4578821659088135
0.45719146728515625	3.519798755645752	-2.9897241592407227	0.7803373336791992	0.22061896324157715	0.5	6	0.5	5	0.0	0	0.908028244972229	0.0	0.4189089238643646	-0.36174964904785156	-0.5042598247528076	0.7841296195983887	0.21123893558979034	-0.8635519742965698	-0.4578821659088135
0.3914996385574341	4.6085004806518555	1.261292815208435	0.19291305541992188	0.82611083984375	1.0	2	0.0	0	0.0	0	1.0	0.0	0.0	0.0	-0.6972222924232483	-0.7168550491333008	0.0	0.7168550491333008	-0.6972222924232483
0.3914996385574341	3.448134183883667	3.1583878993988037	0.14638090133666992	0.6428067088127136	0.5	3	0.5	2	0.0	0	1.0	0.0	0.0	0.0	-0.6972222924232483	-0.7168550491333008	0.0	0.716854989528656	-0.6972222328186035
0.3914996385574341	2.665134906768799	3.1583878993988037	0.19291305541992188	0.5950520038604736	0.5	3	0.5	2	0.0	0	1.0	0.0	0.0	0.0	-0.6972222924232483	-0.7168550491333008	0.0	0.7168550491333008	-0.6972222924232483
0.0	4.0	1.0	1.0	0.7840661406517029	1.0	0	0.0	0	0.0	0	0.0	-0.3945658802986145	0.9188677072525024	5.27302461250656e-07	-0.9188677072525024	-0.3945658802986145	1.0	4.845211947213102e-07	2.0805555323022418e-07
0.3914996385574341	4.6085004806518555	1.261292815208435	0.9457740783691406	0.8174043893814087	1.0	2	0.0	0	0.0	0	0.0	-0.3945658802986145	0.9188677072525024	5.27302461250656e-07	-0.9188676476478577	-0.3945658802986145	1.0	4.845211947213102e-07	2.0805555323022418e-07
-0.3914996385574341	4.6085004806518555	1.261292815208435	0.9457740783691406	0.7507279515266418	1.0	2	0.0	0	0.0	0	0.0	-0.3945658802986145	0.9188677072525024	5.27302461250656e-07	-0.9188676476478577	-0.3945658802986145	1.0	4.845211947213102e-07	2.0805555323022418e-07
-0.9999999403953552	6.0	0.9999999403953552	0.8310723304748535	0.6989109516143799	1.0	0	0.0	0	0.0	0	0.0	0.3945659399032593	0.9188676476478577	2.642414358433598e-07	-0.9188677072525024	0.39456596970558167	1.0	2.428029119982966e-07	-1.0426067120761218e-07
0.3914996385574341	5.3914995193481445	1.261292815208435	0.8796391487121582	0.8174043893814087	1.0	2	0.0	0	0.0	0	0.0	0.3945659399032593	0.9188676476478577	2.6424140742165036e-07	-0.9188676476478577	0.3945659399032593	1.0	2.428028835765872e-07	-1.0426065699675746e-07
0.9999999403953552	6.0	0.9999999403953552	0.8310723304748535	0.8692213892936707	1.0	0	0.0	0	0.0	0	0.0	0.3945659399032593	0.9188676476478577	2.6424140742165036e-07	-0.9188676476478577	0.3945659399032593	1.0	2.428028835765872e-07	-1.0426065699675746e-07
0.9999999403953552	6.0	0.9999999403953552	0.8310723304748535	0.8692213892936707	1.0	0	0.0	0	0.0	0	0.39456599950790405	0.0	0.9188675284385681	0.0	-1.0	0.0	0.9188675880432129	0.0	-0.39456602931022644
0.3914996385574341	4.6085004806518555	1.261292815208435	0.9457740783691406	0.8174043893814087	1.0	2	0.0	0	0.0	0	0.39456599950790405	0.0	0.9188675284385681	0.0	-1.0	0.0	0.9188675284385681	0.0	-0.39456599950790405
0.9999999403953552	4.0	0.9999999403953552	1.0	0.8692213892936707	1.0	0	0.0	0	0.0	0	0.39456599950790405	0.0	0.9188675284385681	0.0	-1.0	0.0	0.9188675284385681	0.0	-0.39456599950790405
-0.3914996385574341	3.448134183883667	3.1583878993988037	0.9135425090789795	0.5343058705329895	0.5	3	0.5	2	0.0	0	0.0	0.7393608689308167	-0.6733093857765198	5.621130299005017e-07	0.6733093857765198	0.7393608689308167	1.0	-3.7847598832740914e-07	-4.156044042247231e-07
0.79304039478302	3.849674940109253	3.5993196964263916	0.9530611038208008	0.6351756453514099	1.0	3	0.0	0	0.0	0	0.0	0.7393608689308167	-0.6733093857765198	5.621130867439206e-07	0.6733093857765198	0.7393608689308167	1.0	-3.7847598832740914e-07	-4.156044042247231e-07
0.3914996385574341	3.448134183883667	3.1583878993988037	0.9135425090789795	0.6009823679924011	0.5	3	0.5	2	0.0	0	0.0	0.7393608689308167	-0.6733093857765198	5.621130299005017e-07	0.6733093857765198	0.7393608689308167	1.0	-3.7847598832740914e-07	-4.156044042247231e-07
-0.3914996385574341	5.3914995193481445	1.261292815208435	0.9135425090789795	0.5001125335693359	1.0	2	0.0	0	0.0	0	0.0	0.6985368132591248	0.7155741453170776	1.0	0.0	0.0	0.0	0.7155741453170776	-0.6985368132591248
0.3914996385574341	3.448134183883667	3.1583878993988037	0.9802190065383911	0.32726502418518066	0.5	3	0.5	2	0.0	0	0.0	0.6985368132591248	0.7155741453170776	1.0	0.0	0.0	0.0	0.7155741453170776	-0.6985368132591248
0.3914996385574341	5.3914995193481445	1.261292815208435	0.9802189469337463	0.5001125335693359	1.0	2	0.0	0	0.0	0	0.0	0.6985368132591248	0.7155741453170776	1.0	0.0	0.0	0.0	0.7155741453170776	-0.6985368132591248
-0.3914996385574341	4.6085004806518555	1.261292815208435	0.09012699127197266	0.592167854309082	1.0	2	0.0	0	0.0	0	-1.0	0.0	0.0	0.0	-0.718709409236908	-0.6953105330467224	0.0	-0.6953105330467224	0.718709409236908
-0.3914996385574341	3.448134183883667	3.1583878993988037	0.0491938591003418	0.7768027782440186	0.5	3	0.5	2	0.0	0	-1.0	0.0	0.0	0.0	-0.718709409236908	-0.6953105330467224	0.0	-0.6953105330467224	0.718709409236908
-0.3914996385574341	5.3914995193481445	1.261292815208435	0.04216337203979492	0.5458509922027588	1.0	2	0.0	0	0.0	0	-1.0	0.0	0.0	0.0	-0.718709409236908	-0.6953105330467224	0.0	-0.6953105330467224	0.718709409236908
0.3914996385574341	4.6085004806518555	1.261292815208435	0.9639075994491577	0.0	1.0	2	0.0	0	0.0	0	0.0	-0.69853675365448	-0.7155742049217224	1.0	0.0	0.0	0.0	-0.7155742049217224	0.69853675365448
-0.3914996385574341	2.665134906768799	3.1583878993988037	0.8972311019897461	0.1468888521194458	0.5	3	0.5	2	0.0	0	0.0	-0.69853675365448	-0.7155742049217224	1.0	0.0	0.0	0.0	-0.7155742049217224	0.69853675365448
-0.3914996385574341	4.6085004806518555	1.261292815208435	0.8972311019897461	0.0	1.0	2	0.0	0	0.0	0	0.0	-0.69853675365448	-0.7155742049217224	1.0	0.0	0.0	0.0	-0.7155742049217224	0.69853675365448
0.79304039478302	3.849674940109253	3.5993196964263916	0.3912849426269531	0.9766578078269958	1.0	3	0.0	0	0.0	0	0.0	0.0	1.0	0.0	-1.0	0.0	1.0	0.0	0.0
-0.79304039478302	2.263594150543213	3.5993196964263916	0.5252513885498047	0.8415947556495667	1.0	3	0.0	0	0.0	0	0.0	0.0	1.0	0.0	-1.0	0.0	1.0	0.0	0.0
0.79304039478302	2.263594150543213	3.5993196964263916	0.5252513885498047	0.9766578078269958	1.0	3	0.0	0	0.0	0	0.0	0.0	1.0	0.0	-1.0	0.0	1.0	0.0	0.0
-0.3914996385574341	3.448134183883667	3.1583878993988037	0.0491938591003418	0.7768027782440186	0.5	3	0.5	2	0.0	0	-0.7393608689308167	0.0	-0.6733093857765198	0.5458839535713196	-0.5853959321975708	-0.599435031414032	-0.39415252208709717	-0.810747504234314	0.43281880021095276
-0.79304039478302	2.263594150543213	3.5993196964263916	0.09715747833251953	0.8723435401916504	1.0	3	0.0	0	0.0	0	-0.7393608689308167	0.0	-0.6733093857765198	0.5458839535713196	-0.5853959918022156	-0.599435031414032	-0.3941526412963867	-0.8107476234436035	0.4328189194202423
-0.79304039478302	3.849674940109253	3.5993196964263916	0.0	0.7785220146179199	1.0	3	0.0	0	0.0	0	-0.7393608689308167	0.0	-0.6733093857765198	0.5458839535713196	-0.5853959918022156	-0.599435031414032	-0.3941526412963867	-0.8107476234436035	0.4328189194202423
-0.3914996385574341	2.665134906768799	3.1583878993988037	0.8972311019897461	0.1468888521194458	0.5	3	0.5	2	0.0	0	0.0	-0.7393608689308167	-0.6733093857765198	1.0	0.0	0.0	0.0	-0.6733093857765198	0.7393608689308167
0.79304039478302	2.263594150543213	3.5993196964263916	0.9981008768081665	0.18139255046844482	1.0	3	0.0	0	0.0	0	0.0	-0.7393608689308167	-0.6733093857765198	1.0	0.0	0.0	0.0	-0.6733093857765198	0.7393608689308167
-0.79304039478302	2.263594150543213	3.5993196964263916	0.8630378246307373	0.18139255046844482	1.0	3	0.0	0	0.0	0	0.0	-0.7393608689308167	-0.6733093857765198	1.0	0.0	0.0	0.0	-0.6733093857765198	0.7393608689308167
0.3914996385574341	2.665134906768799	3.1583878993988037	0.19291305541992188	0.5950520038604736	0.5	3	0.5	2	0.0	0	0.7393608689308167	0.0	-0.6733093857765198	-0.5569326877593994	-0.561970591545105	-0.6115676760673523	-0.37838006019592285	0.8271572589874268	-0.4154990613460541
0.79304039478302	3.849674940109253	3.5993196964263916	0.09715747833251953	0.6425851583480835	1.0	3	0.0	0	0.0	0	0.7393608689308167	0.0	-0.6733093857765198	-0.5569327473640442	-0.561970591545105	-0.6115677356719971	-0.37838003039360046	0.8271572589874268	-0.4154990315437317
0.79304039478302	2.263594150543213	3.5993196964263916	0.19141530990600586	0.5458509922027588	1.0	3	0.0	0	0.0	0	0.7393608689308167	0.0	-0.6733093857765198	-0.5569327473640442	-0.5619706511497498	-0.6115676760673523	-0.3783801198005676	0.8271572589874268	-0.41549912095069885
-0.9999999403953552	4.0	0.9999999403953552	0.19291293621063232	0.5458510518074036	1.0	0	0.0	0	0.0	0	0.0	0.0	0.0	1.0	0.0	0.0	0.0	0.0	0.0
-0.9999999403953552	4.0	0.9999999403953552	0.19291293621063232	0.5458510518074036	1.0	8	0.0	0	0.0	0	0.0	0.0	0.0	1.0	0.0	0.0	0.0	0.0	0.0
-1.0	4.0	0.0	0.5615952610969543	0.3486844599246979	1.0	0	0.0	0	0.0	0	0.0	-0.24253563582897186	0.9701425433158875	1.0	0.0	0.0	0.0	0.9701425433158875	0.24253563582897186
0.0	0.0	-1.0	0.6467504501342773	0.0	1.0	11	0.0	0	0.0	0	0.0	-0.24253563582897186	0.9701425433158875	1.0	0.0	0.0	0.0	0.9701425433158875	0.24253563582897186
0.0	4.0	0.0	0.6467505097389221	0.3486844599246979	1.0	0	0.0	0	0.0	0	0.0	-0.24253563582897186	0.9701425433158875	1.0	0.0	0.0	0.0	0.9701425433158875	0.24253563582897186
0.9999999403953552	4.0	-0.9999999403953552	0.16769345104694366	0.3499518632888794	1.0	10	0.0	0	0.0	0	1.0	0.0	5.960464477539063e-08	5.8799475510795673e-08	0.1638128012418747	-0.9864915013313293	-9.76400382768361e-09	0.9864915013313293	0.1638128012418747
0.9999999403953552	0.0	-0.9999999403953552	0.11179560422897339	0.013948827981948853	1.0	11	0.0	0	0.0	0	1.0	0.0	5.960464477539063e-08	5.8799471958081995e-08	0.1638128012418747	-0.9864914417266846	-9.76400382768361e-09	0.9864914417266846	0.1638128012418747
1.0	0.0	-2.0	0.19564233720302582	0.0	1.0	11	0.0	0	0.0	0	1.0	0.0	5.960464477539063e-08	5.8799471958081995e-08	0.1638127863407135	-0.9864914417266846	-9.76400293950519e-09	0.9864914417266846	0.1638127863407135
-0.9999999403953552	4.0	0.9999999403953552	0.9135424494743347	0.6783312559127808	1.0	8	0.0	0	0.0	0	-1.0	0.0	-5.960464477539063e-08	-5.783744683185432e-08	0.24169908463954926	0.9703513383865356	1.4406388082477406e-08	0.9703513383865356	-0.24169908463954926
-0.9999999403953552	0.0	0.9999999403953552	0.8310723304748535	0.3478448688983917	1.0	9	0.0	0	0.0	0	-1.0	0.0	-5.960464477539063e-08	-5.7837443279140643e-08	0.24169905483722687	0.9703512787818909	1.4406386306120567e-08	0.9703512787818909	-0.24169905483722687
-1.0	0.0	2.0	0.9135424494743347	0.3272651433944702	1.0	9	0.0	0	0.0	0	-1.0	0.0	-5.960464477539063e-08	-5.7837443279140643e-08	0.24169906973838806	0.9703512787818909	1.4406387194298986e-08	0.9703512787818909	-0.24169906973838806
-0.9999999403953552	4.0	0.9999999403953552	0.5615953207015991	0.6757110357284546	1.0	8	0.0	0	0.0	0	0.0	0.24253562092781067	0.9701424837112427	1.0	-1.4024621464159281e-08	3.5061660241808568e-09	1.445625130713779e-08	0.9701424837112427	-0.24253562092781067
0.0	0.0	2.0	0.6467505693435669	0.3486844599246979	1.0	9	0.0	0	0.0	0	0.0	0.24253562092781067	0.9701424837112427	1.0	-1.402462412869454e-08	3.5061660241808568e-09	1.445625397167305e-08	0.9701424837112427	-0.24253562092781067
0.0	4.0	1.0	0.6467505693435669	0.6757110357284546	1.0	8	0.0	0	0.0	0	0.0	0.24253562092781067	0.9701424837112427	1.0	-1.4024622352337701e-08	3.5061660241808568e-09	1.445625219531621e-08	0.9701424837112427	-0.24253562092781067
0.0	4.0	1.0	0.19291293621063232	0.5458510518074036	1.0	0	0.0	0	0.0	0	0.0	0.0	0.0	1.0	0.0	0.0	0.0	0.0	0.0
0.0	4.0	1.0	0.19291293621063232	0.5458510518074036	1.0	8	0.0	0	0.0	0	0.0	0.0	0.0	1.0	0.0	0.0	0.0	0.0	0.0
1.0	4.0	0.0	0.19291293621063232	0.5458510518074036	1.0	0	0.0	0	0.0	0	0.0	0.0	0.0	1.0	0.0	0.0	0.0	0.0	0.0
0.9999999403953552	4.0	0.9999999403953552	0.19291293621063232	0.5458510518074036	1.0	0	0.0	0	0.0	0	0.0	0.0	0.0	1.0	0.0	0.0	0.0	0.0	0.0
0.9999999403953552	4.0	0.9999999403953552	0.19291293621063232	0.5458510518074036	1.0	8	0.0	0	0.0	0	0.0	0.0	0.0	1.0	0.0	0.0	0.0	0.0	0.0
0.9999999403953552	0.0	0.9999999403953552	0.36022984981536865	0.7161615490913391	1.0	9	0.0	0	0.0	0	0.0	-1.0	0.0	-3.79778981596246e-07	0.0	-1.0	1.0	0.0	-3.79778981596246e-07
0.0	0.0	2.0	0.2753831148147583	0.6310063004493713	1.0	9	0.0	0	0.0	0	0.0	-1.0	0.0	-5.398661073741096e-07	0.0	-1.0	1.0	0.0	-5.398661073741096e-07
0.0	0.0	1.0	0.36022984981536865	0.6310063600540161	1.0	9	0.0	0	0.0	0	0.0	-1.0	0.0	-5.030913712289475e-07	0.0	-1.0	1.0	0.0	-5.030913712289475e-07
-1.0	0.0	2.0	0.2753831148147583	0.5458511114120483	1.0	9	0.0	0	0.0	0	0.0	-1.0	0.0	-3.0622959457105026e-07	0.0	-1.0	1.0	0.0	-3.0622959457105026e-07
-0.9999999403953552	0.0	0.9999999403953552	0.36022984981536865	0.5458511114120483	1.0	9	0.0	0	0.0	0	0.0	-1.0	0.0	8.749407243158203e-08	0.0	-1.0	1.0	0.0	8.749407243158203e-08
0.0	4.0	0.0	0.4764400124549866	0.8415946960449219	1.0	0	0.0	0	0.0	0	0.0	-0.24253562092781067	-0.9701425433158875	-1.0	0.0	0.0	0.0	0.9701425433158875	-0.24253562092781067
-0.9999999403953552	0.0	0.9999999403953552	0.5615952014923096	0.5179412364959717	1.0	9	0.0	0	0.0	0	0.0	-0.24253562092781067	-0.9701425433158875	-1.0	0.0	0.0	0.0	0.9701424837112427	-0.24253560602664948
-1.0	4.0	0.0	0.5615952014923096	0.8415946960449219	1.0	0	0.0	0	0.0	0	0.0	-0.24253562092781067	-0.9701425433158875	-1.0	0.0	0.0	0.0	0.9701425433158875	-0.24253562092781067
0.9999999403953552	4.0	0.9999999403953552	0.19291281700134277	0.8969171643257141	1.0	8	0.0	0	0.0	0	1.0	0.0	5.960465188081798e-08	5.7837443279140643e-08	-0.24169939756393433	-0.9703511595726013	1.4406408510581059e-08	0.9703511595726013	-0.24169939756393433
0.9999999403953552	0.0	0.9999999403953552	0.27538299560546875	0.5664307475090027	1.0	9	0.0	0	0.0	0	1.0	0.0	5.960465188081798e-08	5.7837443279140643e-08	-0.24169941246509552	-0.9703511595726013	1.4406409398759479e-08	0.9703511595726013	-0.24169941246509552
1.0	4.0	0.0	0.27538299560546875	0.917496919631958	1.0	0	0.0	0	0.0	0	1.0	0.0	5.960465188081798e-08	5.783744683185432e-08	-0.24169941246509552	-0.9703512191772461	1.4406409398759479e-08	0.9703512191772461	-0.24169941246509552
0.0	4.0	1.0	0.6467505693435669	0.6757110357284546	1.0	8	0.0	0	0.0	0	0.0	0.24253562092781067	0.9701424837112427	1.0	1.4024621464159281e-08	-3.5061660241808568e-09	-1.445625130713779e-08	0.9701424837112427	-0.24253562092781067
1.0	0.0	2.0	0.7319058179855347	0.34868448972702026	1.0	9	0.0	0	0.0	0	0.0	0.24253562092781067	0.9701424837112427	1.0	1.4024623240516121e-08	-3.5061664682700666e-09	-1.445625308349463e-08	0.9701425433158875	-0.24253563582897186
0.9999999403953552	4.0	0.9999999403953552	0.7319057583808899	0.6757110357284546	1.0	8	0.0	0	0.0	0	0.0	0.24253562092781067	0.9701424837112427	1.0	1.4024622352337701e-08	-3.5061660241808568e-09	-1.445625219531621e-08	0.9701424837112427	-0.24253562092781067
1.0	4.0	0.0	0.3912847638130188	0.8415946960449219	1.0	0	0.0	0	0.0	0	0.0	-0.24253563582897186	-0.9701425433158875	-1.0	0.0	0.0	0.0	0.9701425433158875	-0.24253563582897186
0.0	0.0	1.0	0.4764399528503418	0.5179412364959717	1.0	9	0.0	0	0.0	0	0.0	-0.24253563582897186	-0.9701425433158875	-1.0	0.0	0.0	0.0	0.9701425433158875	-0.24253563582897186
0.0	4.0	0.0	0.4764400124549866	0.8415946960449219	1.0	0	0.0	0	0.0	0	0.0	-0.24253563582897186	-0.9701425433158875	-1.0	0.0	0.0	0.0	0.9701425433158875	-0.24253563582897186
0.0	0.0	-2.0	0.8167524337768555	0.7390835285186768	1.0	11	0.0	0	0.0	0	0.0	-1.0	0.0	-2.1873523436966025e-08	0.0	-1.0	1.0	0.0	-2.1873523436966025e-08
-0.9999999403953552	0.0	-0.9999999403953552	0.7319056987762451	0.653928279876709	1.0	11	0.0	0	0.0	0	0.0	-1.0	0.0	-4.374704687393205e-08	0.0	-1.0	1.0	0.0	-4.374704687393205e-08
-1.0	0.0	-2.0	0.8167524337768555	0.653928279876709	1.0	11	0.0	0	0.0	0	0.0	-1.0	0.0	-8.749408664243674e-08	0.0	-1.0	1.0	0.0	-8.749408664243674e-08
1.0	0.0	-2.0	0.8167524337768555	0.8242387175559998	1.0	11	0.0	0	0.0	0	0.0	-1.0	0.0	2.9802322387695312e-08	0.0	-1.0	1.0	0.0	2.9802322387695312e-08
0.0	0.0	-1.0	0.7319056987762451	0.7390835285186768	1.0	11	0.0	0	0.0	0	0.0	-1.0	0.0	1.4901162970204496e-08	0.0	-1.0	1.0	0.0	1.4901162970204496e-08
0.0	4.0	-1.0	0.4764399528503418	0.34962230920791626	1.0	10	0.0	0	0.0	0	0.0	0.24253562092781067	-0.9701424837112427	-1.0	1.4024621464159281e-08	3.5061660241808568e-09	1.445625130713779e-08	0.9701424837112427	0.24253562092781067
-1.0	0.0	-2.0	0.5615952014923096	2.9802322387695312e-08	1.0	11	0.0	0	0.0	0	0.0	0.24253562092781067	-0.9701424837112427	-1.0	1.4024623240516121e-08	3.5061664682700666e-09	1.445625308349463e-08	0.9701425433158875	0.24253563582897186
-0.9999999403953552	4.0	-0.9999999403953552	0.5615951418876648	0.34962230920791626	1.0	10	0.0	0	0.0	0	0.0	0.24253562092781067	-0.9701424837112427	-1.0	1.4024622352337701e-08	3.5061660241808568e-09	1.445625219531621e-08	0.9701424837112427	0.24253562092781067
-0.9999999403953552	4.0	-0.9999999403953552	0.36333584785461426	0.19589900970458984	1.0	10	0.0	0	0.0	0	-1.0	0.0	-5.960465188081798e-08	5.8799528801500855e-08	0.16380825638771057	-0.9864922761917114	9.76373382144402e-09	-0.9864922761917114	-0.16380825638771057
-0.9999999403953552	0.0	-0.9999999403953552	0.3074380159378052	0.5319023132324219	1.0	11	0.0	0	0.0	0	-1.0	0.0	-5.960465188081798e-08	5.87995216960735e-08	0.16380824148654938	-0.9864921569824219	9.763732933265601e-09	-0.9864921569824219	-0.16380824148654938
-1.0	4.0	0.0	0.27948909997940063	0.18195056915283203	1.0	0	0.0	0	0.0	0	-1.0	0.0	-5.960465188081798e-08	5.8799525248787177e-08	0.16380824148654938	-0.9864922165870667	9.763732933265601e-09	-0.9864922165870667	-0.16380824148654938
0.0	4.0	0.0	0.6467505097389221	0.3486844599246979	1.0	0	0.0	0	0.0	0	0.0	-0.24253562092781067	0.9701425433158875	1.0	0.0	0.0	0.0	0.9701425433158875	0.24253562092781067
0.9999999403953552	0.0	-0.9999999403953552	0.7319056987762451	0.0	1.0	11	0.0	0	0.0	0	0.0	-0.24253562092781067	0.9701425433158875	1.0	0.0	0.0	0.0	0.9701424837112427	0.24253560602664948
1.0	4.0	0.0	0.7319056987762451	0.3486844599246979	1.0	0	0.0	0	0.0	0	0.0	-0.24253562092781067	0.9701425433158875	1.0	0.0	0.0	0.0	0.9701425433158875	0.24253562092781067
0.9999999403953552	4.0	-0.9999999403953552	0.391284704208374	0.34962230920791626	1.0	10	0.0	0	0.0	0	0.0	0.24253562092781067	-0.9701424837112427	-1.0	-1.4024621464159281e-08	-3.5061660241808568e-09	-1.445625130713779e-08	0.9701424837112427	0.24253562092781067
0.0	0.0	-2.0	0.4764399528503418	0.0	1.0	11	0.0	0	0.0	0	0.0	0.24253562092781067	-0.9701424837112427	-1.0	-1.402462412869454e-08	-3.5061660241808568e-09	-1.445625397167305e-08	0.9701424837112427	0.24253562092781067
0.0	4.0	-1.0	0.4764399528503418	0.34962230920791626	1.0	10	0.0	0	0.0	0	0.0	0.24253562092781067	-0.9701424837112427	-1.0	-1.4024622352337701e-08	-3.5061660241808568e-09	-1.445625219531621e-08	0.9701424837112427	0.24253562092781067
-0.9999999403953552	4.0	0.9999999403953552	1.0	0.6989109516143799	1.0	0	0.0	0	0.0	0	-0.39456602931022644	0.0	0.9188675880432129	0.0	-1.0	0.0	0.9188676476478577	0.0	0.39456605911254883
-0.3914996385574341	4.6085004806518555	1.261292815208435	0.9457740783691406	0.7507279515266418	1.0	2	0.0	0	0.0	0	-0.39456602931022644	0.0	0.9188675880432129	0.0	-1.0	0.0	0.9188675880432129	0.0	0.39456602931022644
-0.3914996385574341	5.3914995193481445	1.261292815208435	0.8796391487121582	0.7507279515266418	1.0	2	0.0	0	0.0	0	-0.39456602931022644	0.0	0.9188675880432129	0.0	-1.0	0.0	0.9188675880432129	0.0	0.39456602931022644
-1.0	4.0	0.0	0.27948909997940063	0.18195056915283203	1.0	0	0.0	0	0.0	0	-1.0	0.0	5.960465188081798e-08	-5.8799471958081995e-08	0.16381371021270752	-0.986491322517395	-9.76405889474563e-09	-0.986491322517395	-0.16381371021270752
-0.9999999403953552	4.0	0.9999999403953552	0.1956423819065094	0.16800165176391602	1.0	0	0.0	0	0.0	0	-1.0	0.0	5.960465188081798e-08	-5.8799471958081995e-08	0.16381371021270752	-0.986491322517395	-9.76405889474563e-09	-0.986491322517395	-0.16381371021270752
-0.9999999403953552	6.0	0.9999999403953552	0.22359129786491394	0.0	1.0	0	0.0	0	0.0	0	-1.0	0.0	5.960465188081798e-08	-5.8799471958081995e-08	0.16381371021270752	-0.986491322517395	-9.76405889474563e-09	-0.986491322517395	-0.16381371021270752
-0.9999999403953552	6.0	0.9999999403953552	0.22359129786491394	0.0	1.0	0	0.0	0	0.0	0	-1.0	2.9802322387695312e-08	0.0	4.8820290032836056e-09	0.16381371021270752	-0.986491322517395	-2.939973242632732e-08	-0.986491322517395	-0.16381371021270752
-0.9999999403953552	6.0	-0.9999999403953552	0.3912847638130188	0.02789783477783203	1.0	0	0.0	0	0.0	0	-1.0	2.9802322387695312e-08	0.0	4.8820290032836056e-09	0.16381371021270752	-0.986491322517395	-2.939973242632732e-08	-0.986491322517395	-0.16381371021270752
-1.0	4.0	0.0	0.27948909997940063	0.18195056915283203	1.0	0	0.0	0	0.0	0	-1.0	2.9802322387695312e-08	0.0	4.8820290032836056e-09	0.16381371021270752	-0.986491322517395	-2.939973242632732e-08	-0.986491322517395	-0.16381371021270752
1.0	4.0	0.0	0.08384671807289124	0.36390072107315063	1.0	0	0.0	0	0.0	0	1.0	0.0	-5.960465188081798e-08	-5.879947906350935e-08	0.16381314396858215	-0.9864914417266846	9.764025143965682e-09	0.9864914417266846	0.16381314396858215
0.9999999403953552	4.0	-0.9999999403953552	0.16769345104694366	0.3499518632888794	1.0	10	0.0	0	0.0	0	1.0	0.0	-5.960465188081798e-08	-5.879947906350935e-08	0.16381314396858215	-0.9864914417266846	9.764025143965682e-09	0.9864914417266846	0.16381314396858215
0.9999999403953552	6.0	-0.9999999403953552	0.1956423819065094	0.5179533958435059	1.0	0	0.0	0	0.0	0	1.0	0.0	-5.960465188081798e-08	-5.8799475510795673e-08	0.16381314396858215	-0.9864913821220398	9.764025143965682e-09	0.9864913821220398	0.16381314396858215
0.9999999403953552	6.0	-0.9999999403953552	0.1956423819065094	0.5179533958435059	1.0	0	0.0	0	0.0	0	1.0	2.9802322387695312e-08	0.0	-4.8820023579310146e-09	0.1638128161430359	-0.9864914417266846	-2.9399735979040997e-08	0.9864914417266846	0.1638128161430359
0.9999999403953552	6.0	0.9999999403953552	0.02794891595840454	0.5458510518074036	1.0	0	0.0	0	0.0	0	1.0	2.9802322387695312e-08	0.0	-4.8820023579310146e-09	0.1638128161430359	-0.9864914417266846	-2.9399735979040997e-08	0.9864914417266846	0.1638128161430359
1.0	4.0	0.0	0.08384671807289124	0.36390072107315063	1.0	0	0.0	0	0.0	0	1.0	2.9802322387695312e-08	0.0	-4.882002802020224e-09	0.16381283104419708	-0.9864914417266846	-2.9399735979040997e-08	0.9864914417266846	0.16381283104419708
-0.9999999403953552	4.0	-0.9999999403953552	0.5615951418876648	0.34962230920791626	1.0	10	0.0	0	0.0	0	-0.34441161155700684	0.0	-0.9388187527656555	-0.9374961256980896	-0.05306241661310196	0.34392639994621277	-0.04981599003076553	0.9985911846160889	0.018275313079357147
-0.9999999403953552	6.0	-0.9999999403953552	0.5615951418876648	0.5179412364959717	1.0	0	0.0	0	0.0	0	-0.34441161155700684	0.0	-0.9388187527656555	-0.9374961853027344	-0.053062424063682556	0.34392639994621277	-0.04981599748134613	0.9985912442207336	0.018275314942002296
-0.45719146728515625	5.457191467285156	-1.1991326808929443	0.5153721570968628	0.46967312693595886	1.0	5	0.0	0	0.0	0	-0.34441161155700684	0.0	-0.9388187527656555	-0.9374961853027344	-0.05306242033839226	0.34392642974853516	-0.04981599375605583	0.9985912442207336	0.018275313079357147
-0.5751092433929443	6.0	-0.5751092433929443	0.8219361305236816	0.9221858382225037	1.0	7	0.0	0	0.0	0	0.0	0.4178465008735657	-0.9085177183151245	0.0	-0.9085176587104797	-0.4178464412689209	-1.0	0.0	0.0
